# generation_num and fitness are ignored when a genome file is loaded
# This is the structure of each line:
# robot_wheel_radius motor_ctrl_coefficient motor_ctrl_min_actuator_value sensor_delta_direction sensor_saturation_value sensor_max_distance generation_num fitness

25.623233029914196 552.8590545117212 11.412204997974413 0.417107941539518 89.71280794815495 139.8731510555678 20 15056.934019197335
27.936013724351735 473.2103835530673 10.736567371927832 0.40989723506401987 86.08204863627768 141.41967286017254 20 15053.98166982617
23.193988513870753 535.9238048008446 13.271316873761736 0.47142517551322805 41.768343664052985 129.99986274195587 20 15026.200690982498
16.45849667527107 569.3574891987689 18.031504174045285 0.420501947660315 42.73445281917331 150 20 14405.504584951412
15.296280005256056 569.3574891987689 18.466236328784 0.45987080698060784 29.834026510535708 140.30984527281106 20 13748.209248830104
16.45849667527107 503.9185250313603 16.489927205858002 0.4966310537516131 79.60118030695038 137.4480433501775 20 12798.08930197047
26.6372741990212 519.9884547863611 10.518761221148406 0.417107941539518 85.0050125457164 143.72735989466207 20 12223.550006336325
22.62230384312518 552.8590545117212 11.514862819442673 0.43739859742337583 77.63442548210256 136.23981776743446 20 11633.823299087428
20.368577093806426 527.714732766378 10.62647697490687 0.4113210058689359 100 130.06534108917575 20 11164.646235413531
19.311998693453656 417.62936798052436 11.41578911058618 0.4974352906563741 38.49199653047933 137.4327079400613 20 10756.939197251228
13.568769920047352 551.2347252416312 12.660866380645071 0.4179133918323644 47.95644493052657 139.57036324567002 20 10426.2093676677
16.37437493428056 410.7729862151306 12.804377779375885 0.49593655531031877 58.962396109270216 137.94537394878753 20 10076.515768227246
16.13491924263553 531.2022914540861 10.883605376081213 0.48270118780871163 56.91218999207477 116.5595566289822 20 9871.773702765546
19.024087767481568 485.23270835022527 10.048593206169125 0.412899449903459 67.44359715908368 141.67952991314496 20 9674.007264213062
18.496824483116633 581.1921896686079 11.478602335930407 0.5393060765339268 41.088244890564056 122.62665560353172 20 9668.611190821252
15.282232143575749 498.61673916321 10.518761221148406 0.4785288518263014 39.097677498042906 122.62665560353172 20 9473.267440675869
15.857734689711254 460.6511711369378 10.671099001454124 0.49230811305557465 91.16995448583337 150 20 9221.109721942961
13.989236055966206 533.961087970702 11.814092205048581 0.4614297405500814 39.607766753852914 128.87200191826815 20 8962.68766190692
16.865468996567476 527.714732766378 12.3148963509136 0.4265582693383966 31.76515238657048 139.8219291181722 20 8948.717910307423
8.895440244362767 560.4023542104211 20.04350555203758 0.5152803003996342 76.20013841258186 143.47943920206055 20 8861.637900758104
15.15088942529978 441.77415105428827 11.178641129788065 0.5111539033628381 72.66080758057198 137.4480433501775 20 8834.13483764579
14.265293838059602 519.577364455972 11.41578911058618 0.41470217744983034 36.53869501910053 146.82999732211348 20 8830.698058566793
11.996036019494397 526.5907382559035 10.878400440641236 0.43475017212112316 81.29427474706506 140.21502737073925 20 8169.605871643726
14.055399392890038 486.74651407551113 10.903268748305402 0.4740117854252961 46.56103668587326 128.87200191826815 20 8080.13147315402
13.021828716619446 600 10.94768110740368 0.42306639879209024 45.30291792719696 128.688073418074 20 8062.803025140007
27.235225750298557 496.50790136833734 10.829983988468316 0.4614297405500814 90.31920117630217 116.5595566289822 20 8057.149739846403
15.15088942529978 496.94447066066044 10.518761221148406 0.4930281067558694 79.88605426428884 122.62665560353172 20 8001.338508804935
15.857734689711254 416.3588355207279 10 0.5395709100584283 41.889669883573205 133.05021119740735 20 7779.3470974446645
11.232062697470194 530.55440120776 11.019112987307567 0.4734505286171115 88.83059683176884 139.11064413843454 20 7224.988050940737
11.232062697470194 505.801063216053 10.169637953780118 0.41235914738899654 46.19680312156285 135.4583461509543 20 6454.623883611882
10.02803457852024 393.54067424827093 10 0.408785476982736 36.17130097610434 141.41967286017254 20 6377.569971489004
9.913162440817514 485.23270835022527 10 0.5155638922363808 39.83224889602089 127.01078002738592 20 6152.886331016669
13.021828716619446 510.8534223927218 10.624352468983139 0.43958847047055977 44.57159708476796 128.28578866431934 20 6036.00146358023
8.94863683317666 531.2022914540861 11.407304911692153 0.4731718313243213 100 114.7940041191534 20 5727.734613918366
16.509516881988304 405.40402045877596 10 0.4183938880670289 41.16057257826736 150 20 5675.805956316497
18.48312682024761 560.040269166843 10 0.5349256407502674 47.37949486090366 78.7638255796127 20 5581.822166012776
9.793261982926483 398.1290403359181 10.742909067938617 0.4846309359300036 43.76246598707254 124.88954568367964 20 5487.938408209668
8.074772851877752 559.2363311946347 11.412204997974413 0.40989723506401987 79.85632399566859 146.73234893876668 20 5487.3044335610175
25.569806123326092 553.85573401093 10.671099001454124 0.46897758092322783 83.01981435622137 90.67158271287232 20 5181.961777076798
8.63050608881236 565.718948964181 11.571709215078863 0.591511942498073 39.72948744519391 150 20 5017.976515718383
10.204850930820031 455.5666213927087 10.742909067938617 0.48158289899907203 46.42881252153918 122.0262382655565 20 4736.441480925193
23.602555332660742 473.09406840335714 10.982594916808617 0.530820934006133 50.741043696118574 96.19994238501882 20 4432.162884714702
8.359812115833307 504.01470498914057 10 0.40989723506401987 41.088244890564056 141.41967286017254 20 4222.0996759961845
15.233818504023803 571.843936982863 21.77947164714953 0.4349050114523433 58.962396109270216 150 20 4123.241994767212
20.41100798582275 590.978066774811 10.107617976353175 0.4614297405500814 80.74892486887273 125.75615088472098 20 4018.641434382613
10.146109112005934 590.978066774811 11.577057017234157 0.4305224289891899 40.41846264764563 150 20 3975.6541196418157
27.936013724351735 530.55440120776 10.169637953780118 0.5084344129790273 90.31920117630217 150 20 3843.6645301986023
16.13491924263553 410.7729862151306 13.115460821562392 0.48270118780871163 36.5391775160718 150 20 3788.6697470252207
19.49076104098783 552.512811773068 11.41578911058618 0.44142431641041574 31.76515238657048 146.82999732211348 20 3744.988335211081
16.518824990208 458.4710875660146 10.526067234161957 0.586102346991774 43.791905394353144 137.8623695072185 20 3666.5169745046674
19.527368083612455 417.6291535333788 11.693034335688235 0.4831247784690489 41.768343664052985 115.6771219301378 20 3482.58019968228
28.943529186686238 430.5324211222187 10.490007649976702 0.45013117718415263 43.57247826033428 116.6036755546674 20 3478.171922864739
23.697132358456614 526.5907382559035 10.26179323721182 0.40653555802222874 77.73660637993034 136.37934726903583 20 3477.1723511487044
25.569806123326092 535.244311046758 11.716388027792561 0.5672299701375435 48.01904758499019 120.61278991761621 20 3406.1875960228494
19.781741913718356 600 15.611620356287318 0.4453203733459984 52.35365787285558 144.68320880299805 19 3331.449998791051
8.23845895041237 531.2022914540861 10.436719842281274 0.5393060765339268 89.78729941483837 114.7940041191534 20 3197.871555461428
19.36421126878842 526.6354838744305 10.578339529057404 0.5395709100584283 81.84615395492413 75.14918869920818 20 3093.4648859091544
19.59212387967042 441.377075862888 11.38217624532844 0.4667715197320312 46.42881252153918 118.60341519970544 20 3036.341669557247
19.49076104098783 533.4134307850367 11.29204259871474 0.4443926860415963 70.53202086024174 148.76379072399178 20 3035.799285473431
9.538415625982848 578.4047552428838 10.449176134420311 0.4154309046214351 34.423875880810925 93.28131313405143 20 2952.6098571669095
10.02803457852024 513.3247465044293 12.3148963509136 0.40989723506401987 100 145.64720488126548 20 2952.083429429194
15.391710269214993 580.0822498423618 18.721445224929077 0.4953741007952321 46.19680312156285 61.28721516148841 20 2880.3580789789644
18.52191782719737 584.1324448817406 16.862781539672326 0.4929770761005504 46.82720688583667 148.76051390891206 20 2852.689810774534
14.5060728809263 441.77415105428827 15.590769630045894 0.5383066088913661 58.15435024617398 121.73751717136619 20 2801.0674553808544
18.48312682024761 468.7249233690827 10 0.5600779359923485 46.09638055637417 145.70131532857155 20 2743.146584324787
17.624765608750838 600 10.789972592381083 0.5253757643945859 49.452346582016126 96.95984693843207 20 2709.9472789742435
19.49076104098783 375.65993624647064 11.41578911058618 0.440898879076401 43.68842197056756 128.60227754363297 20 2568.679433897411
18.97238066320737 527.714732766378 17.123534842511734 0.39109506662640203 87.48007665939014 143.21986542367753 20 2561.4669588775223
14.76263129264706 578.0982992414229 11.577057017234157 0.4453203733459984 38.13207860656962 114.49238595112493 20 2555.9141664086833
19.59212387967042 600 19.257431337039524 0.47142517551322805 41.768343664052985 134.1689954460644 20 2554.5596856791403
20.907426898689867 484.1182149152923 12.001606543398076 0.5583318337547735 100 149.7704444109498 20 2547.6460471689493
12.797439587312176 487.0379396288366 16.862781539672326 0.5168711424645275 39.95017690936674 106.93587606549968 20 2547.066009338949
15.081977475685722 441.377075862888 10 0.3934390808372932 88.44870775442527 111.47207948845204 20 2537.724633306655
10.902712175600652 600 17.203154392908438 0.48084243562101364 88.3572696134452 120.02977661856899 20 2519.3305804674615
23.54368949061857 600 15.2096482681356 0.43451956925345175 47.34832124627052 134.52209531859327 20 2483.2401982523907
11.259223846451777 600 12.062029288345908 0.5086314800905852 46.19680312156285 120.02977661856899 20 2474.803506674278
13.979450364711276 485.23270835022527 19.21119649685641 0.40475604656444 33.794936226894926 141.67952991314496 20 2467.0074493091993
8.984091238867702 535.244311046758 12.682855639909237 0.5858741571432133 48.01904758499019 77.35756612073914 20 2408.648556060788
16.310601830040095 527.714732766378 13.271316873761736 0.40989723506401987 82.21380674151692 107.41877283668933 20 2386.9243851390675
14.69548294709376 600 12.184502189259511 0.5183254531210248 98.80940872175582 100.848149674647 20 2385.293054995548
14.246069966506358 519.9884547863611 11.482873483407863 0.4831247784690489 44.94756753113103 122.62665560353172 20 2349.8975954616635
15.838182335680868 506.56242349540895 10 0.48552776324342073 46.5397179634416 120.4244835946298 20 2326.521024692159
14.125200521803324 419.28895794594354 15.32299393812105 0.5807303116378588 40.095290161471404 150 20 2324.9333146482445
11.232062697470194 530.55440120776 10.169637953780118 0.5124105884326967 59.38268177487316 150 20 2289.221200107731
15.144279053563512 560.4023542104211 10.671099001454124 0.5395709100584283 83.01981435622137 120.54436753857343 20 2284.614705640228
20.591473023608653 600 10.671099001454124 0.5460483466828199 72.64258294243163 125.09546631185177 20 2249.9982184834994
17.35446196099469 571.6489149839643 17.42395446810594 0.5439530095241906 47.37949486090366 150 20 2228.113921640123
26.6372741990212 552.8590545117212 19.550183167193467 0.5395709100584283 87.48007665939014 146.73234893876668 20 2184.573012829969
16.57031321046161 498.8763148840063 17.38945896617074 0.4979786726287247 49.39922703162433 148.9568501773042 20 2173.890216586739
14.270779200336627 580.0873975446849 10.90879785849563 0.6014788743210935 52.990826238184916 43.429522800627396 20 2170.69311958287
17.924690621729205 468.7249233690827 10 0.46715813350835816 39.83224889602089 150 20 2110.6670993363937
14.809189028705736 542.8619958287217 11.382486804077208 0.43952247648484394 39.72948744519391 90.67158271287232 20 2092.383088086645
23.887456669163374 393.54067424827093 16.521823012761672 0.4831247784690489 41.739260916074045 148.09685175533147 20 2062.4979538067632
30 580.1006136289951 10.89218266479179 0.48660960670084347 42.17666622410337 117.3181472056875 20 2060.3089829044966
23.68124372910362 535.244311046758 11.822795825980524 0.6085616720059224 39.83437011394197 139.11064413843454 20 1967.3205019660886
27.936013724351735 600 10 0.5221390217421682 41.889669883573205 139.24835437696711 20 1947.095599859368
19.9638301147312 531.176464914661 11.811604062913803 0.5142274936491454 89.49612680127952 83.0678655654622 20 1939.6926259524766
8.669547132417947 600 16.709166997863036 0.5583363823940358 100 65.62155309627383 20 1929.3508841390578
9.603011853126976 518.9425691080723 10 0.3932716251302296 85.0050125457164 100.58457846176852 20 1925.2376835169534
20.368577093806426 560.5668480107713 14.550836521275611 0.5307739110781383 70.77940402825368 150 20 1923.2682634030969
29.884134383328657 487.0379396288366 11.357009437560432 0.42831207569756763 40.81249987279905 117.3181472056875 20 1901.534109794543
24.777513643150524 600 10.624352468983139 0.4831247784690489 31.76515238657048 139.11064413843454 20 1900.6170676517233
16.270681763334697 560.040269166843 10 0.5353717578943789 41.088244890564056 146.97806397832662 20 1895.6492527603552
25.569806123326092 549.6435751260337 11.357009437560432 0.408785476982736 57.166599449758536 120.61278991761621 20 1853.0417236972705
21.74004328557386 496.8460912515978 17.85473926334657 0.4349050114523433 86.48784802327529 96.95984693843207 20 1840.9523872759396
25.569806123326092 495.9752183378692 12.748205440083115 0.40989723506401987 53.46004882434245 113.05511094675656 20 1816.94998197037
16.518824990208 600 10.652070973896164 0.5275316103101376 36.5391775160718 61.28721516148841 20 1796.9107710298076
21.226106016250114 345.1548310317211 10.62647697490687 0.4761072144197399 79.16015957134995 107.11901040723919 20 1784.659229344885
12.026995251733771 441.377075862888 12.436703548328026 0.615857894230868 90.86472284093388 138.87019371127772 20 1775.4530650707234
8.083014109029756 530.55440120776 16.141706303244824 0.6057623998895538 87.53186023530688 136.23981776743446 20 1730.5706110751928
16.509516881988304 508.70689047015577 10.624352468983139 0.4614297405500814 52.972508193347494 116.5595566289822 20 1714.759700278508
15.838182335680868 487.0379396288366 10 0.46944360021528564 46.5397179634416 113.7471576807009 20 1693.8057599456768
13.799650589886658 482.15855586725064 17.571760084765536 0.42055587447645415 85.53996822730177 96.90003131341216 20 1686.0071604701636
20.11469750436721 528.2207581279579 11.577057017234157 0.44650892874452225 31.799676312988897 67.63244597290883 20 1678.066239061091
22.06729619273226 578.4047552428838 12.128514358457279 0.4154309046214351 32.62853216270979 114.7940041191534 20 1677.7965102923934
9.059850878714155 441.377075862888 10.742909067938617 0.4453203733459984 41.22372294523768 115.81387816931858 20 1662.4297731916768
16.13491924263553 460.92890593560594 13.115460821562392 0.48270118780871163 60.206698221922146 116.5595566289822 20 1617.5525538996983
13.021828716619446 545.3108155710272 18.017733884773634 0.41846263579020265 81.66615741494012 129.98467323990286 20 1601.4449047754697
11.206258279004093 527.714732766378 10 0.49517090471934705 100 150 20 1598.9122629689746
20.694584393242252 474.994287870544 11.814092205048581 0.4547483471376729 94.51944598279145 134.52209531859327 20 1596.4318418359285
16.89371595553205 545.3108155710272 18.017733884773634 0.49672894255378414 47.14255735539666 133.76368868521126 20 1579.3093936314056
16.270681763334697 571.843936982863 11.178641129788065 0.48306485460305426 80.68046445096822 137.4480433501775 20 1575.7920705031447
23.887456669163374 600 10.742909067938617 0.5012558388485975 100 126.96776779034847 20 1570.6621757940775
23.887456669163374 545.3576328942548 11.074611114421172 0.4973645810297258 40.87475855355519 134.243760537159 20 1562.8619859746773
24.767025286989394 568.6942091181791 10 0.48552776324342073 39.83224889602089 143.97953226497114 20 1562.0875010029863
26.25851041299318 527.714732766378 12.3148963509136 0.5808789323490986 36.18043485002384 93.85340547837689 20 1561.351964361309
23.602555332660742 600 14.475753880888947 0.5583318337547735 50.741043696118574 96.19994238501882 20 1544.9083476793587
18.66172921768458 600 10.499556533233928 0.46736366993707035 45.69560962777008 98.40500816469797 20 1532.9492158117503
8.692193423781905 581.1921896686079 11.577057017234157 0.5393060765339268 31.799676312988897 127.23109087420562 20 1527.0567153795623
21.978393527051608 519.9884547863611 10.518761221148406 0.6085616720059224 85.0050125457164 125.33460566033548 20 1521.5823923007815
20.914180457291796 528.2207581279579 22.93582669118149 0.4614297405500814 64.50608357209747 150 20 1520.7174570355655
11.344129208403418 478.05890458774223 10.518761221148406 0.5193472706462561 88.83059683176884 104.7862705808842 20 1515.2811966633042
19.796556871870873 521.8506342857459 10.671099001454124 0.46944360021528564 50.13468411051214 75.14918869920818 20 1513.9549326968074
27.235225750298557 569.3574891987689 11.577057017234157 0.4658195903236716 38.13207860656962 150 20 1503.9305835793477
27.829390466968942 488.5553091596821 13.991179177144915 0.6325046427267478 44.59370330093956 114.93233750280206 20 1503.6852291309083
19.59212387967042 393.54067424827093 17.22787617008044 0.4007082423331527 50.592325438484046 110.64347549905747 20 1502.62962437258
16.66743352588307 471.0717700901856 17.571760084765536 0.48660960670084347 36.10808032524712 140.78012742205308 20 1500.6487311166495
19.59212387967042 496.8460912515978 17.29569597980681 0.4453203733459984 51.24589308662669 93.85340547837689 20 1498.4960953728928
20.350599667888794 592.901427152328 12.840680058833396 0.5187904244582064 77.52136057829367 150 20 1497.7770948552682
15.391710269214993 580.0822498423618 10 0.48660960670084347 42.10055152145855 133.03571845359616 20 1496.8626769992054
15.081977475685722 535.8909101699613 10 0.615857894230868 89.71280794815495 146.4778966664324 20 1494.7770041581193
14.69548294709376 568.6942091181791 10.671099001454124 0.5842339444200962 92.450858200184 75.14918869920818 20 1493.333643440547
11.232062697470194 530.55440120776 10.90879785849563 0.6014788743210935 52.990826238184916 150 20 1492.3198662857246
14.270779200336627 600 10.90879785849563 0.38804588785868677 85.0050125457164 150 20 1473.3381739375004
13.021828716619446 600 11.893317906356117 0.5109078299738937 100 93.28131313405143 20 1471.096492896286
25.569806123326092 553.85573401093 11.382486804077208 0.4658195903236716 42.53472359908313 141.67952991314496 20 1464.681671169276
18.38221839291844 518.9425691080723 18.017733884773634 0.4974760450446629 81.55533963685973 109.61561240404357 20 1461.7537364762895
20.694584393242252 531.176464914661 17.239289844627034 0.5960544372956068 39.72948744519391 99.36526650037305 20 1459.0351846989274
9.05795883729689 478.4193120468852 20.179123982582862 0.5098876336665911 41.889669883573205 130.07456175254376 20 1451.6063832551374
8.244586056364703 368.0805031234314 10.559092130978078 0.4791635797203569 36.5391775160718 112.45308263883585 20 1450.7548055532195
23.697132358456614 600 12.547101919831116 0.43451956925345175 37.48188233364793 119.43783961996655 20 1440.6751100758618
19.252649545714863 473.8468782419417 16.883121988110496 0.4305224289891899 83.01981435622137 139.11064413843454 20 1434.3897902636047
26.6372741990212 540.8639347409052 16.397778941008852 0.4265582693383966 31.76515238657048 150 20 1433.5353348983863
23.68124372910362 600 17.42395446810594 0.5109078299738937 32.80932053297261 150 20 1413.8148631020435
9.819463279176812 450.59384755538093 10.169637953780118 0.46146620713030384 87.71993351607794 150 20 1409.6629368677611
11.259223846451777 514.875976945845 10.742909067938617 0.4740117854252961 46.42881252153918 143.47943920206055 20 1402.5004851983858
19.122826739589605 600 15.611620356287318 0.4688339915050994 44.94756753113103 134.4543585976647 20 1397.6539744757567
21.978393527051608 600 10.284714211167229 0.5650998534522523 43.86207446046066 147.30119294695092 20 1396.9374130357269
20.591473023608653 600 10.982594916808617 0.5012558388485975 97.78706114270977 150 20 1396.0864633940355
14.055399392890038 533.961087970702 13.29383308470565 0.5109078299738937 70.53202086024174 128.87200191826815 20 1367.99480919276
27.829390466968942 560.5668480107713 17.40787379530231 0.5498107567898777 43.57247826033428 129.0234044649593 20 1363.715925581221
18.48312682024761 417.6291535333788 11.41578911058618 0.5490343007530474 42.90559248500425 146.82999732211348 20 1351.175707091363
16.171974919129074 508.39597037155255 10.748159994162766 0.615857894230868 58.962396109270216 137.94537394878753 20 1347.2507536052697
11.996036019494397 506.0458983859659 10.878400440641236 0.5563475593254148 47.780443280805166 128.28578866431934 20 1345.8778390636292
16.57031321046161 600 17.123534842511734 0.5395709100584283 37.48188233364793 148.9568501773042 20 1344.4865532782637
20.368577093806426 576.9517803927348 17.676257669510335 0.4305224289891899 34.423875880810925 150 20 1300.3042706754186
18.58874519203655 485.23270835022527 19.21119649685641 0.47997777031012806 39.83224889602089 150 20 1299.4770924854922
20.55646049836067 531.2891407063946 10 0.5872848316501775 41.768343664052985 149.7704444109498 20 1278.0346636402185
8 503.9185250313603 12.436703548328026 0.615857894230868 51.642641469605046 149.03859672747515 20 1267.762590082074
25.569806123326092 578.9198081933253 17.22787617008044 0.43952247648484394 39.72948744519391 90.67158271287232 20 1267.3554781745772
15.15088942529978 540.9014518742044 10.62647697490687 0.5207606740598802 76.35760790076836 132.7485447543605 20 1262.3685669493295
25.542732987833357 508.8884530431209 10.535479396605382 0.48552776324342073 83.01981435622137 75.14918869920818 20 1201.396735355819
24.767025286989394 551.2347252416312 11.05962835037854 0.5086314800905852 43.60065209195162 61.28721516148841 20 1165.0282154880406
8 432.3059578627336 17.40787379530231 0.45013117718415263 51.642641469605046 149.03859672747515 20 1121.6130750961881
21.837872822005075 572.2743021620613 10.250076491802398 0.4723096283937471 42.77281763914817 136.76715763636125 20 1072.457275881308
19.105922396889035 551.033417469916 10.434463786039801 0.5489597365284395 43.9658041635132 147.30119294695092 20 1055.2836510130346
20.696353919379924 501.8522570280942 11.814092205048581 0.5111539033628381 64.82336964049989 59.795971940254304 20 1018.5288551573216
20.591473023608653 572.9816196214111 18.76766912629473 0.37903689755921366 81.17532596839102 66.16027232294242 20 1014.1171591601728
9.793261982926483 516.2469591523283 10.618977348828897 0.4846309359300036 100 123.22586036556521 20 1001.2383546590626
9.348636855642802 368.0805031234314 10.32356526679722 0.4761072144197399 93.32329447648773 120.54436753857343 20 996.9009224652515
21.21678908950262 600 15.611620356287318 0.4432499331380756 89.49612680127952 80.35469995650813 20 964.6189341514452
18.970627680725144 600 16.709166997863036 0.6485140534971314 66.39662214846226 150 20 955.7260381359383
10.99037837006427 526.5907382559035 10.821229907138793 0.43475017212112316 80.68046445096822 131.36276317830158 20 902.5325457384575
17.96588322432217 600 17.42395446810594 0.46941623794512555 82.35462665920124 75.8824213692061 20 901.8018408634438
13.205820190796292 551.2347252416312 12.660866380645071 0.5086314800905852 39.72948744519391 61.28721516148841 20 883.492856874265
19.59212387967042 578.0982992414229 10.270989273907258 0.4179133918323644 50.592325438484046 129.98467323990286 20 881.6929845789971
26.6372741990212 552.8590545117212 11.412204997974413 0.4377881835388394 87.30772361929246 118.62108467472677 20 877.2518974806882
14.201847405252579 487.0379396288366 13.654109547120164 0.4304699353937446 39.83224889602089 113.7471576807009 20 869.4666777403544
16.509516881988304 527.714732766378 11.674815097086682 0.46332069896652045 81.55533963685973 130.83757723074908 20 867.8829806123209
14.270779200336627 542.8619958287217 21.77947164714953 0.6014788743210935 43.52076027976895 43.429522800627396 20 855.8814903719041
18.027505860746125 527.44024189429 17.42395446810594 0.5275316103101376 36.5391775160718 150 20 839.5795616421178
24.677278923428492 575.1801020213856 11.18738992725744 0.4735295662424679 68.26849215956729 65.65196756534752 20 816.8260102098169
27.936013724351735 483.8110481247518 10.666259247132643 0.3869917047617666 90.31920117630217 136.82080209822084 19 814.4539295304286
9.913162440817514 393.54067424827093 14.228328962681314 0.5418633232122495 41.739260916074045 120.54436753857343 20 814.0634334012274
28.99564382970159 565.718948964181 13.29383308470565 0.48341252235323434 32.80932053297261 117.74691853942883 20 810.8053043751008
14.270779200336627 600 15.611620356287318 0.5953033208112508 93.83217210849234 43.429522800627396 20 791.6477703382458
15.081977475685722 468.7249233690827 10.972431091288147 0.4342805842348355 47.66973210019785 75.8824213692061 20 782.4418021464279
18.48312682024761 560.040269166843 10 0.5638968365040103 99.48225735591042 78.7638255796127 20 775.322022452212
17.35446196099469 571.106427184301 17.42395446810594 0.5109078299738937 82.35462665920124 93.28131313405143 20 773.6818232979108
18.335353635448836 581.1921896686079 10.570159913187721 0.5447270492618798 43.38910283468746 127.23109087420562 20 772.4636516897007
23.101150094619346 535.244311046758 10.086190020553804 0.5583318337547735 48.15350943260863 43.737135697032 20 765.4460452059706
18.48312682024761 564.5520618266132 17.768344443884565 0.4179133918323644 96.00818811410417 81.16042320798135 20 763.251055928196
13.021828716619446 527.1592164690096 13.29383308470565 0.4179133918323644 33.750471885308684 126.55371745688751 20 752.0938925649605
25.569806123326092 565.718948964181 11.069076761901773 0.43952247648484394 39.72948744519391 150 20 748.1682140132559
20.312844015078685 575.3719371435875 15.611620356287318 0.42306639879209024 52.35365787285558 136.76325218352525 20 748.0823552378781
15.838182335680868 463.7900608926844 11.112673464771992 0.46715813350835816 39.83224889602089 108.76283454855162 20 747.0814989643708
24.212176365184927 498.61673916321 11.339484568123822 0.4220822019306554 47.37949486090366 78.3896987379203 20 745.9344969598421
16.795027451967286 412.996928381535 10.0850827747051 0.4658195903236716 28.091474933524076 96.95984693843207 20 745.7450169487552
17.53644143346041 551.2347252416312 10.526067234161957 0.5275316103101376 46.07052864906332 61.42450620112676 20 742.9580412850733
13.199930456914222 582.807831175855 11.4499675192118 0.4179133918323644 38.13207860656962 129.98467323990286 20 741.607586859023
23.68124372910362 496.71696399693406 10.624352468983139 0.47142517551322805 47.408442200915765 107.3746916601578 20 735.0446559152192
13.799650589886658 551.3065782565077 11.949308057278758 0.40416829360036366 100 142.3561799957955 20 734.788770981801
10.128913393255269 578.4047552428838 11.577057017234157 0.6185058579627333 41.768343664052985 149.7704444109498 20 730.4030641486477
10.02803457852024 478.05890458774223 10 0.37743976834853143 41.689338600701696 150 20 723.7716532493278
24.212176365184927 558.788276311061 10.972431091288147 0.6085616720059224 47.37949486090366 75.44238570592054 20 715.0073276593663
21.13666468430295 535.7475967424024 11.577193014882125 0.44913199946860655 47.37949486090366 75.8824213692061 20 696.5545859058719
12.797439587312176 586.6740438368194 16.862781539672326 0.47142517551322805 39.72948744519391 121.84124074137237 20 695.8768864875344
20.591473023608653 600 17.40787379530231 0.40963056193044867 88.60931287879946 66.16027232294242 20 693.0431511080923
21.978393527051608 600 19.257431337039524 0.487346908221521 41.768343664052985 61.520637127111954 20 691.1536301027589
15.843553844381884 527.714732766378 17.239289844627034 0.5583318337547735 87.48007665939014 42.6827983045141 20 690.084049676225
21.304938003542865 600 17.203154392908438 0.473376776987433 42.10055152145855 46.243201070729505 20 688.9862801578666
9.913162440817514 560.4023542104211 10 0.5453302126509239 47.37949486090366 78.7638255796127 20 688.364464072755
18.70635797166173 532.190997011338 21.77947164714953 0.4349050114523433 43.52076027976895 114.7940041191534 20 688.3035735295814
17.502351977566782 509.95554230052284 11.18738992725744 0.46332069896652045 38.13207860656962 130.83757723074908 20 688.1918981259203
23.602555332660742 489.9889306774089 33.08149215327791 0.4080253191983654 34.58688194457482 134.4543585976647 20 688.121773432604
30 519.577364455972 11.41578911058618 0.4443926860415963 74.39893277394847 146.82999732211348 20 687.3542798796572
18.48312682024761 578.0982992414229 10 0.3981282577352951 50.592325438484046 78.7638255796127 20 686.7641827756379
19.689560344125447 593.6268053283036 18.190685058100815 0.4662518572087651 39.83224889602089 89.89329018681504 20 684.5425222698614
20.591473023608653 535.244311046758 18.76766912629473 0.46715813350835816 41.60389434232718 139.11064413843454 20 683.4131055916409
20.914180457291796 600 10.840529825618564 0.47142517551322805 60.206698221922146 146.08482680019642 20 683.3097311144913
14.270779200336627 542.8619958287217 10 0.4614297405500814 52.990826238184916 117.74691853942883 20 682.1684878761251
8.218693858422938 579.883953815294 11.407304911692153 0.523918018664023 76.06324745828643 112.45308263883585 20 681.03022447814
8.685090356490035 533.5450958712129 10.549293924174432 0.5221390217421682 37.18025401646601 148.9568501773042 20 680.090732892137
15.857734689711254 473.8468782419417 10.511406856825504 0.5536376138530796 95.25490465614072 139.11064413843454 20 679.7889168065967
21.84863415196008 600 15.611620356287318 0.4831247784690489 44.94756753113103 138.27128289306359 20 679.4372073224597
16.865468996567476 527.44024189429 17.541606717037887 0.43052764893579487 31.76515238657048 143.1883286282694 20 678.9542182806186
26.6372741990212 552.8590545117212 11.412204997974413 0.417107941539518 85.0050125457164 146.73234893876668 19 677.8553007250978
23.68124372910362 600 13.29383308470565 0.5109078299738937 41.088244890564056 125.67802749032423 20 676.9987743569158
20.904643607423754 393.54067424827093 14.941347882361043 0.4694822889439673 86.48784802327529 121.9316148690614 20 676.7213059102129
20.368577093806426 399.8443084316583 10.62647697490687 0.48270118780871163 75.4889934361214 121.33120699092298 20 676.2824987794379
10.628011046331743 600 13.034601944894606 0.5808789323490986 33.45734320513682 150 20 676.0865143354306
17.62191641196935 568.6942091181791 17.00468034985826 0.4349050114523433 86.48784802327529 91.3395837052086 20 675.7482133089886
8.70242554492154 530.6533557401854 10 0.5376012612219552 50.41867968675027 141.2085480747889 20 674.561712337117
19.024087767481568 441.377075862888 10.048593206169125 0.4453203733459984 67.44359715908368 115.81387816931858 20 674.1399620416946
18.58874519203655 458.29775213471925 10 0.46129742359668746 40.96719562217649 143.6783742137822 20 673.8722238653343
20.914180457291796 600 10.47273243634386 0.5012558388485975 90.31920117630217 143.19390116136992 20 673.6553873779861
22.67464375635289 560.4023542104211 33.08149215327791 0.5152803003996342 60.206698221922146 146.9425294759464 20 673.452031435749
25.780843080178435 578.0982992414229 12.520345164630518 0.4135721340287144 100 114.49238595112493 20 670.5436835260363
18.66172921768458 491.2130149272231 11.1841862857677 0.4263649989894123 93.83217210849234 67.63244597290883 20 670.4046295861953
25.276156290485883 600 10 0.4590661177404231 42.10055152145855 118.60341519970544 20 669.6783229889112
16.45849667527107 571.843936982863 17.123534842511734 0.4966310537516131 87.48007665939014 137.4480433501775 20 669.6618804916574
25.94053357147107 478.6672273571399 11.18738992725744 0.40999623284016473 39.83224889602089 139.11064413843454 20 669.4922402072507
8.149038431463477 460.92890593560594 15.611620356287318 0.5058074140244504 67.44359715908368 150 20 668.9301919829958
9.720215325529685 560.4023542104211 10.666259247132643 0.41367625515097006 78.83605215699401 128.54876994013756 20 668.8011016761544
8.149038431463477 527.44024189429 15.213221860781662 0.5058074140244504 67.44359715908368 142.91609428039052 20 668.6734378346478
13.979450364711276 600 19.21119649685641 0.4974352906563741 96.14401894336069 148.35866065537158 20 668.3470618965832
13.692163615936986 508.70689047015577 11.3776100197432 0.4614297405500814 90.31920117630217 116.5595566289822 20 667.7526679418177
12.797439587312176 415.74262601335863 17.239289844627034 0.46715813350835816 39.72948744519391 90.67158271287232 20 667.5397270440883
23.887456669163374 539.2557512469685 10.742909067938617 0.42686802431627296 40.26385480712334 82.18410790401006 20 667.2579333730692
17.1182774606396 571.843936982863 11.178641129788065 0.4966310537516131 80.68046445096822 147.85627247449668 20 666.1077289606737
8.818553745592896 531.2022914540861 10.742909067938617 0.4453203733459984 46.42881252153918 114.7940041191534 20 665.3263626442529
8.692193423781905 581.1921896686079 11.478602335930407 0.42023474752684303 41.088244890564056 141.67952991314496 20 664.7288999245682
9.432346925970242 468.88635570890307 10.755478584622931 0.587470346213733 43.57247826033428 121.73751717136619 20 663.9692983346904
14.270779200336627 393.54067424827093 10.337746237600935 0.40989723506401987 41.689338600701696 141.41967286017254 20 663.7684287158828
19.024087767481568 465.6102049196775 10.048593206169125 0.5111539033628381 68.39617771571878 129.7388777650507 20 663.3719736681128
9.793261982926483 516.2469591523283 17.672963869466813 0.4265582693383966 100 139.11064413843454 20 662.6361851609423
19.49076104098783 535.9238048008446 16.363029101382907 0.3776088509929196 79.85632399566859 146.82999732211348 20 662.4661120019888
8.218693858422938 368.0805031234314 10.980267487362772 0.4831247784690489 43.68842197056756 112.45308263883585 20 662.1266406426001
13.568769920047352 393.54067424827093 16.521823012761672 0.5067061013778672 41.78235783757135 61.28721516148841 20 662.047793849473
28.99564382970159 565.718948964181 17.239289844627034 0.42686802431627296 39.72948744519391 95.08481203949427 20 661.9318005963536
9.551326417845155 600 10 0.487346908221521 32.8744209772579 61.28721516148841 20 661.529424476953
17.01923235208348 508.70689047015577 10 0.48158289899907203 75.22249647686341 147.30119294695092 20 661.0051922469848
9.393418647015197 535.9238048008446 10.169637953780118 0.3769339889228964 82.89185694426412 126.74769596840103 20 660.3963324978691
9.913162440817514 553.3261407404489 15.205461121582069 0.5221390217421682 33.45734320513682 127.23109087420562 20 660.2662086207733
27.953203436842546 437.3687163093824 10.490007649976702 0.4614297405500814 56.571150911237304 61.28721516148841 20 660.2023959314853
18.72727066836498 530.55440120776 17.571760084765536 0.36819390962612125 80.17043853932279 141.17753008245515 20 659.986268519007
16.40989085607241 600 11.178641129788065 0.4966310537516131 77.73660637993034 137.4480433501775 20 659.9106516115935
11.927531360248222 542.8619958287217 10.984196449830621 0.627552510544088 52.990826238184916 111.19356190379096 20 659.3884252779279
27.936013724351735 600 10.982594916808617 0.4541258075026022 100 150 20 659.0823122372587
25.94053357147107 520.852763622642 19.257431337039524 0.3968449692434873 69.6336149287922 66.16027232294242 20 659.0443877163956
17.835470053451104 576.5673646653557 12.095861735787896 0.5531186765654562 60.206698221922146 145.31357866396456 20 658.8812424498088
11.259223846451777 600 10.04162248517785 0.5417353490887894 88.3572696134452 117.5636750289354 20 658.7044393943329
18.335353635448836 418.1444500297629 19.257431337039524 0.53322114183345 38.09533556668612 92.50925713090948 20 658.4087071800956
9.819463279176812 531.2022914540861 12.660866380645071 0.48620606234727726 46.19680312156285 63.426839532603324 20 658.1141140163378
16.45849667527107 503.9185250313603 16.120692029846126 0.46541319365316136 52.66462154502651 137.92981429419834 20 658.0566064182486
19.781741913718356 491.2130149272231 17.530882959890786 0.4263649989894123 52.35365787285558 63.00571475540412 20 657.6996717427061
25.569806123326092 553.85573401093 11.435450852525316 0.4049778539615616 100 131.5381181121338 20 657.6040411542732
22.06729619273226 393.54067424827093 10 0.41383897622317123 79.34388353307557 134.39482060240994 20 657.1549158419709
19.00012300210911 417.62936798052436 11.412204997974413 0.417107941539518 38.49199653047933 146.73234893876668 20 656.8450672894744
16.57031321046161 600 10.253687804255804 0.533954264623826 37.48188233364793 131.269729800161 20 656.4148321119351
28.99564382970159 565.718948964181 12.165629716598428 0.4220822019306554 37.48391569663555 130.90044114819014 20 656.3568998273523
18.378886308315572 527.714732766378 17.42395446810594 0.4578645080643807 82.35462665920124 150 20 656.2679298726885
17.35446196099469 571.6489149839643 10.62647697490687 0.39968868565282034 75.4889934361214 132.7485447543605 20 656.0436429804358
16.936685774134666 460.92890593560594 11.577057017234157 0.5058074140244504 67.44359715908368 72.03518055867373 20 656.0038143814097
15.296280005256056 441.77415105428827 17.42395446810594 0.5125282163015323 58.962396109270216 137.8623695072185 20 655.7377920718878
14.201847405252579 527.2645146565518 13.924630605041934 0.4220822019306554 40.51468771330308 131.42926372644516 20 655.6650485570395
13.021828716619446 533.961087970702 12.583884868689832 0.5221390217421682 100 141.67952991314496 20 655.647776477628
13.799650589886658 519.577364455972 11.620474133116884 0.4443926860415963 97.5818170652968 123.08978602334177 20 654.5414113319241
15.838182335680868 484.1182149152923 10 0.4179133918323644 41.768343664052985 149.80490905444734 20 654.2457084884455
18.335353635448836 441.377075862888 10.559092130978078 0.41437184072748257 38.71316265188171 94.44356769842504 20 654.2416867218332
19.00991427441658 522.6634113912233 12.840680058833396 0.420574618264354 39.72948744519391 90.67158271287232 20 654.1940842894497
14.413900064150281 478.05890458774223 11.51305297596794 0.5193472706462561 85.0050125457164 118.60341519970544 20 654.162402331924
11.259223846451777 512.2248525524373 10.742909067938617 0.3614053207593311 88.83059683176884 124.88954568367964 20 653.8976867527684
15.838182335680868 530.55440120776 10.169637953780118 0.46146620713030384 39.83224889602089 150 20 653.6492767152
23.697132358456614 441.377075862888 14.1217176885523 0.4453203733459984 77.73660637993034 119.43783961996655 20 653.3239861325648
17.564293540984394 529.0805464255816 10.169637953780118 0.4355146907736532 88.83059683176884 150 20 653.2135639514681
19.59212387967042 600 17.203154392908438 0.4220822019306554 60.206698221922146 110.72564029566868 20 652.8718175634033
23.68124372910362 516.0048908049591 10.624352468983139 0.45720857728686576 47.408442200915765 134.4543585976647 20 652.689019678618
18.70635797166173 571.843936982863 10 0.4349050114523433 48.363465396806355 147.30119294695092 20 652.612254830139
13.979450364711276 519.9884547863611 10.518761221148406 0.40475604656444 88.48879273588295 141.67952991314496 20 652.2548098374472
23.907689891900358 572.2743021620613 10.250076491802398 0.408785476982736 57.166599449758536 133.72650182777502 20 652.2330130869246
8.840162684246422 556.3945899959605 11.577057017234157 0.44278249941965797 40.41846264764563 121.9265129652711 20 652.2137713894424
17.502351977566782 578.4047552428838 10.880975011219004 0.4154309046214351 40.41846264764563 105.28860542583897 20 651.7092566555723
19.59212387967042 578.0982992414229 10.164342833080966 0.4614297405500814 51.24589308662669 124.40866548595606 20 651.594875444818
20.907426898689867 484.1182149152923 10.742909067938617 0.5583318337547735 41.768343664052985 125.04492571708754 20 651.4208054146552
15.14557089397132 527.7807384663452 13.056574998261222 0.4220822019306554 41.30346937829441 148.88658984397316 20 651.0540126982561
18.335353635448836 470.56306544880056 13.27748306485505 0.48916349351154603 57.406161364887915 104.2980797857986 20 650.7208251737471
22.094691741093023 600 10 0.4437976563875613 45.86157439461441 150 20 650.2610036410035
19.024087767481568 600 10.048593206169125 0.4831247784690489 67.44359715908368 121.9265129652711 20 650.2433947145944
20.500492685388707 577.0204693259554 12.679782925520517 0.5295203184719258 32.80932053297261 130.83757723074908 20 649.9701552150096
14.201847405252579 527.2645146565518 13.056574998261222 0.4220822019306554 99.16994502219337 134.64567321526442 20 649.8514161031169
19.48797660162708 600 14.358436080347388 0.5948026888806853 41.088244890564056 146.73234893876668 20 649.6241879854008
23.697132358456614 570.4066830150431 14.525908837523176 0.43451956925345175 88.3572696134452 132.71963443094089 20 649.0948606664656
21.605736141814262 572.2743021620613 10.250076491802398 0.4614297405500814 42.77281763914817 116.5595566289822 20 648.9802296529732
15.742340376991454 397.1360044828961 15.19648711720482 0.44187467600012614 39.83224889602089 113.7471576807009 20 648.9608933914191
8.474046059591211 535.9238048008446 10.878400440641236 0.43475017212112316 79.85632399566859 132.02413105092182 20 648.9196290310739
15.98232431989124 575.3719371435875 12.436703548328026 0.615857894230868 43.72436899488117 150 20 648.8436727124865
15.853993719777437 491.2130149272231 10.396113648979 0.40323212611674597 47.37949486090366 67.63244597290883 20 648.645708268238
24.075998115128602 504.83287313511335 10 0.4927788929809237 45.86157439461441 65.62155309627383 20 648.4823837850007
16.270681763334697 544.847641111361 17.239289844627034 0.39117743524187765 40.87783171328614 145.89207733667695 20 648.2099347023615
28.99564382970159 568.6942091181791 11.388707794700645 0.5775816111159994 98.80940872175582 150 20 647.9382319754949
9.948187548691047 393.54067424827093 10 0.5213646744969693 38.71316265188171 92.50925713090948 20 647.9305675382733
16.270681763334697 544.847641111361 12.436703548328026 0.46084430138343957 46.42881252153918 146.97806397832662 20 647.9109951257037
10.315426019668765 529.9558151972146 10 0.5155638922363808 48.5358595836197 150 20 647.6712980179396
20.934899786255208 578.0982992414229 10.270989273907258 0.4188088597868089 38.49199653047933 137.4327079400613 20 647.5402577742896
24.370015379169832 441.377075862888 10.250076491802398 0.4667715197320312 42.77281763914817 134.4543585976647 20 647.2120108889679
13.021828716619446 521.8506342857459 19.257431337039524 0.5082364139332306 50.50047087986358 104.20663016400357 20 646.5768692362691
8 560.5668480107713 15.161452073841666 0.4453203733459984 57.29065132110893 115.81387816931858 20 646.3971047589322
19.36421126878842 533.8979582334088 10.040152357207592 0.5240667781276751 60.206698221922146 57.81369520512996 20 646.0643071925315
13.979450364711276 485.23270835022527 19.21119649685641 0.46848513829806065 36.36955289231952 135.7116285918146 20 645.9102491211161
12.355007183475882 485.23270835022527 10.169637953780118 0.46146620713030384 88.83059683176884 150 20 643.7822869262385
11.232062697470194 600 10 0.41235914738899654 37.950646646155185 137.8623695072185 20 643.4321114656957
8.692193423781905 561.4900723931094 10.742909067938617 0.53218339905553 45.17197098791589 120.48539777691441 20 643.2798698174821
10.73508948202387 547.2036455989742 12.682855639909237 0.5672299701375435 100 114.7940041191534 20 643.1735025609403
14.246069966506358 508.70689047015577 16.600741107883344 0.4614297405500814 85.0050125457164 116.5595566289822 20 642.9261966934757
8 535.9238048008446 11.478602335930407 0.36654392522804324 74.49696679926154 134.37127282841988 20 642.9126583980084
9.393418647015197 553.85573401093 11.520329515475868 0.5018365764291758 91.19752458297087 130.3916372044179 20 642.6944387270523
18.66172921768458 535.244311046758 15.611620356287318 0.4916307537789357 48.01904758499019 77.35756612073914 20 642.2027465189784
14.201847405252579 527.2645146565518 13.056574998261222 0.4220822019306554 36.53869501910053 89.22078112575696 20 642.0068195567317
18.72727066836498 410.7729862151306 12.369899086795625 0.36401608545236214 80.87096752807007 140.78012742205308 20 641.905127327857
8.478355879568971 444.1621661147781 10.559092130978078 0.4761072144197399 39.83224889602089 112.45308263883585 20 641.7767661468067
14.469277527436263 470.56306544880056 10 0.5123444098578933 57.406161364887915 150 20 641.6215983548681
8.669547132417947 504.83287313511335 13.056574998261222 0.4220822019306554 66.39662214846226 73.80423846441003 20 641.350819920427
15.1983390641884 553.85573401093 11.382486804077208 0.43952247648484394 40.41176110245679 148.21906027043426 20 641.143499099445
18.66172921768458 600 15.611620356287318 0.4996390409872807 48.122884379923676 150 20 641.0229286337685
18.66172921768458 600 17.614443218685402 0.46439282927136516 48.122884379923676 150 20 640.784044483489
19.17265231504574 531.176464914661 11.340051287536268 0.5142274936491454 39.72948744519391 98.88406525992443 20 640.5024612679925
8.685090356490035 531.503868483476 10.602005526446314 0.5221390217421682 91.3377497526199 118.60341519970544 20 640.3133163749819
8.984091238867702 535.244311046758 15.466976435470318 0.47371016907506663 44.04469985440558 77.35756612073914 20 640.1156635229272
13.477422471606765 584.1324448817406 16.862781539672326 0.38643531206732423 39.72948744519391 124.50014812466586 20 639.8654373267352
24.212176365184927 600 10.972431091288147 0.5948026888806853 47.37949486090366 150 20 639.831133415727
14.85615668635882 468.7249233690827 11.482150208322064 0.3201958690698341 89.36736345697254 129.58581039606156 20 639.3542105087843
23.602555332660742 600 15.935443360155316 0.4831247784690489 45.86157439461441 150 20 638.9376773182904
23.602555332660742 569.3574891987689 15.611620356287318 0.49765931529832996 38.13207860656962 150 20 638.6071463618109
10.706910802373793 516.2469591523283 20.04350555203758 0.4846309359300036 100 121.69759542403412 20 638.5825164829868
17.01923235208348 514.1574448064396 10 0.5872848316501775 46.42881252153918 148.54030182339807 20 638.4457354602349
15.838182335680868 473.8468782419417 10.671099001454124 0.5395709100584283 39.83224889602089 138.88138255553554 20 637.9509112151796
13.021828716619446 527.714732766378 12.3148963509136 0.5563475593254148 99.17597258244875 150 20 637.9115157753454
15.533594926466542 405.40402045877596 13.35196210635006 0.466634282445101 81.55533963685973 139.5172108290685 20 637.561051472891
16.45849667527107 479.24866590393043 11.178641129788065 0.5253757643945859 78.81671605232994 137.4480433501775 20 637.5474661286365
16.52502016167331 448.4535503537835 13.27748306485505 0.49593655531031877 58.962396109270216 132.87686779143712 20 637.0437559755599
10.128913393255269 535.8909101699613 11.577057017234157 0.615857894230868 89.71280794815495 116.62789439581209 20 636.4821619286308
25.276156290485883 508.70689047015577 10.169637953780118 0.4795876680453399 69.28744819620852 118.60341519970544 20 636.1917242586046
8.149038431463477 487.58135852414097 14.063576911221908 0.5152803003996342 67.44359715908368 112.45308263883585 20 636.0747650043375
16.45849667527107 368.0805031234314 11.577057017234157 0.4658195903236716 76.06324745828643 112.45308263883585 20 635.7949018235669
25.569806123326092 496.71696399693406 11.382486804077208 0.43952247648484394 47.408442200915765 125.62597705035137 20 635.7163278523999
18.58874519203655 468.7249233690827 12.058420571946256 0.4179133918323644 100 150 20 635.6689483045749
18.48312682024761 560.040269166843 12.660866380645071 0.5221390217421682 47.37949486090366 127.23109087420562 20 635.0236414318075
25.780843080178435 509.2686909799016 12.3148963509136 0.5808789323490986 76.15070972867507 137.0340007382235 20 634.7978512579136
16.22931094442696 535.244311046758 12.682855639909237 0.5553260315801167 40.30786319265148 143.45588925606197 20 634.4441768319176
11.203210311448695 505.801063216053 10.169637953780118 0.48270186665508974 41.53132127931444 148.21906027043426 20 633.95709468443
8.63050608881236 600 12.67669526773051 0.5948026888806853 100 115.81387816931858 20 633.9134606648739
9.819463279176812 489.9889306774089 33.94321384799623 0.4459808723212501 41.47836180325391 98.09149437287743 20 633.870715230717
16.45849667527107 571.843936982863 11.178641129788065 0.4966310537516131 78.73332013069326 138.97128746151668 20 633.426570149734
9.819463279176812 579.2864558311977 19.428099880004382 0.3982735146194312 41.042305637565974 141.41967286017254 20 633.2135616978763
15.081977475685722 555.269730507367 10 0.44613688130194395 45.86157439461441 150 20 632.7684402365397
13.568769920047352 526.5907382559035 12.660866380645071 0.4049778539615616 100 61.28721516148841 20 632.4243033229518
19.110457643074966 529.9025486691016 13.271316873761736 0.49924236339247785 46.19680312156285 135.10741772990195 20 632.3011852085738
20.591473023608653 588.6522551901605 18.76766912629473 0.5563475593254148 88.60931287879946 128.28578866431934 20 632.0609887217213
9.793261982926483 542.5008601948833 12.435892521885307 0.5243926763406684 100 129.58581039606156 20 631.9095044640954
18.335353635448836 600 19.257431337039524 0.4854202503899599 46.30071858779215 143.7576926244776 20 631.8108776895821
23.07236962236553 572.2743021620613 10.250076491802398 0.4831247784690489 42.77281763914817 147.30119294695092 20 630.9798842500643
11.476543085248622 592.901427152328 12.840680058833396 0.49517090471934705 80.68046445096822 150 20 630.8964442864144
8.083014109029756 550.0745953929573 18.088936257937515 0.5108793876478411 81.06705934329553 139.11064413843454 20 630.7612061313329
16.9997404109425 600 17.614443218685402 0.47142517551322805 45.06500285486583 96.95984693843207 20 630.0078787639885
16.865468996567476 535.8909101699613 12.436703548328026 0.3671842143751003 31.76515238657048 139.11064413843454 20 629.8518565199823
8 523.5294379617321 11.41578911058618 0.4704796520701773 51.642641469605046 149.03859672747515 20 629.1040245673702
16.59395012881725 441.377075862888 17.42395446810594 0.4453203733459984 48.92212091542614 133.72693325026177 20 628.9553161221321
11.232062697470194 398.1290403359181 10.169637953780118 0.46146620713030384 43.68842197056756 150 20 628.684608124784
8.083014109029756 578.3169030438605 16.141706303244824 0.4614297405500814 86.57088517042905 136.23981776743446 20 628.6515227257071
18.458437811558294 496.8460912515978 11.863749585679464 0.46439282927136516 45.86157439461441 121.69759542403412 20 628.0230750827233
19.59212387967042 600 10.270989273907258 0.4306361289583891 51.24589308662669 139.11064413843454 20 627.8876649238557
18.14387464634454 418.1444500297629 19.257431337039524 0.539958291504046 38.71316265188171 92.50925713090948 20 627.5489221122491
16.518824990208 527.44024189429 10.526067234161957 0.5275316103101376 36.5391775160718 138.08350075221205 20 626.6945189703971
27.235225750298557 508.70689047015577 16.600741107883344 0.4614297405500814 41.088244890564056 116.5595566289822 20 626.1230008590942
15.296280005256056 410.7729862151306 13.130600005170036 0.46541319365316136 29.834026510535708 138.18840067893169 20 624.9416383320361
19.327795613806 406.1716319261317 17.22787617008044 0.4349050114523433 86.48784802327529 148.09685175533147 20 624.3013853689621
18.750263003326108 549.6435751260337 11.357009437560432 0.46715813350835816 39.83437011394197 136.2816470755789 20 624.2438806982153
20.265152218510174 600 16.709166997863036 0.44807326557640775 41.088244890564056 106.93587606549968 20 622.931401681545
13.692163615936986 397.1360044828961 14.922441583856147 0.40917491935221234 40.095290161471404 131.269729800161 20 622.8640274072532
19.731122205007658 437.02913571307283 17.22319191174621 0.36819390962612125 66.39662214846226 140.78012742205308 20 622.8599649616388
9.551326417845155 600 10.204428459038853 0.487346908221521 33.81199419570194 61.28721516148841 20 620.5880351972855
16.509516881988304 600 17.488069720745646 0.5531186765654562 81.55533963685973 117.11308676442435 20 617.0954796990745
18.66172921768458 508.2854176906448 11.41578911058618 0.5563475593254148 48.122884379923676 112.76452254402211 20 611.422433050129
23.602555332660742 600 14.774983870322593 0.4965547160772424 45.78483685787038 134.4543585976647 20 601.2522834359052
17.73512630113139 545.3108155710272 10.94643356162466 0.5531186765654562 34.423875880810925 133.76368868521126 20 600.7857289894846
18.58874519203655 530.55440120776 15.142083707609919 0.46715813350835816 39.83224889602089 136.23981776743446 20 586.9396043786421
13.021828716619446 575.3719371435875 18.017733884773634 0.5531186765654562 81.55533963685973 128.28578866431934 20 582.4033058822864
19.122826739589605 517.4445688037015 10.518761221148406 0.4974352906563741 69.57070684923588 122.62665560353172 20 575.3103294053981
28.99564382970159 565.718948964181 10.62647697490687 0.408785476982736 33.683517629231766 150 20 574.339778540464
9.793261982926483 405.40402045877596 18.623590255254165 0.4549193466149929 100 138.89396337254317 20 573.7647852413612
21.00904186960645 441.377075862888 10.602005526446314 0.4667715197320312 88.44870775442527 127.28123367578843 20 571.5921485414739
9.393418647015197 535.9238048008446 11.18738992725744 0.45329490299971725 32.8744209772579 142.3561799957955 20 571.0275688076196
14.201847405252579 527.2645146565518 13.056574998261222 0.4658195903236716 29.834026510535708 138.61167092608122 20 569.8471753190915
22.06729619273226 600 17.22787617008044 0.4466407398573768 39.72948744519391 142.02917510379552 20 569.2592101376669
9.05795883729689 571.6489149839643 17.42395446810594 0.46715813350835816 41.889669883573205 135.12600960463533 20 566.7563606095487
10.251536921931969 600 17.40787379530231 0.45013117718415263 41.088244890564056 139.58633119675355 20 565.4583456485823
19.00012300210911 417.62936798052436 11.41578911058618 0.4603085463634081 85.0050125457164 139.3248461773515 20 565.4352225487623
11.259223846451777 569.3574891987689 10.742909067938617 0.4740117854252961 38.13207860656962 124.88954568367964 20 565.2535478911229
23.68124372910362 514.8855996248599 11.382486804077208 0.4831247784690489 51.292417101593045 122.43806680545903 20 564.2229601938153
28.943529186686238 581.1921896686079 10 0.45481099952578075 41.088244890564056 127.23109087420562 20 562.9778972998704
9.216078737246054 471.0717700901856 10.549293924174432 0.46715813350835816 81.16771322468323 133.4106085078364 20 562.1073799851752
16.270681763334697 498.61673916321 14.358436080347388 0.4975412976804499 41.088244890564056 150 20 548.3588455840598
27.99173513816589 468.62248013411437 12.3148963509136 0.5899375514319881 56.571150911237304 150 20 546.5553057041221
15.838182335680868 473.8468782419417 10.671099001454124 0.5395709100584283 37.56961788220904 148.57740648747998 20 540.1524570380305
9.819463279176812 489.9889306774089 16.120692029846126 0.4447091169375689 43.731564183753804 143.91289614332493 20 510.9056143447731
14.349810974566166 487.0379396288366 16.862781539672326 0.5320057183436466 33.336632030477986 108.3240789502477 20 509.0028971513338
18.524373367270414 578.0982992414229 16.521823012761672 0.4614297405500814 44.939673864115285 117.74691853942883 20 503.00756476228304
13.568769920047352 600 12.388091618939903 0.4916307537789357 93.83217210849234 61.28721516148841 20 500.63607667830473
19.00991427441658 600 16.628991751896674 0.46439282927136516 39.72948744519391 91.4847551985422 20 500.17613372336405
9.913162440817514 560.4023542104211 10.90879785849563 0.46065769049250505 52.990826238184916 41.657432225010375 20 491.11348935739477
16.13491924263553 410.7729862151306 13.721072031006832 0.4601516253046221 60.206698221922146 116.5595566289822 20 487.49270227895215
18.207085271100997 578.0982992414229 17.021467752314898 0.36819390962612125 50.592325438484046 139.67468247868675 20 484.5497548865305
25.481250142416865 600 13.056574998261222 0.42080425867609156 41.088244890564056 121.73751717136619 20 472.1532616962922
14.201847405252579 527.2645146565518 10.048593206169125 0.38424247775726256 41.45365635835185 134.64567321526442 20 471.16025863987477
9.393418647015197 526.5907382559035 16.363029101382907 0.40989723506401987 79.85632399566859 134.37127282841988 20 469.2537038983872
21.742924326844157 486.5446668766392 13.056574998261222 0.4220822019306554 42.701238359852496 134.52209531859327 20 468.570768668647
14.813173268017675 523.4124627685763 33.08149215327791 0.4049778539615616 100 141.41967286017254 20 466.9471160826983
17.502351977566782 448.4535503537835 10.748159994162766 0.49593655531031877 58.962396109270216 150 20 462.4582665278392
17.35446196099469 571.6489149839643 17.42395446810594 0.4614297405500814 62.93128186839505 150 20 453.7199022584701
9.819463279176812 489.9889306774089 33.08149215327791 0.5109078299738937 32.80932053297261 117.74691853942883 20 450.06555803540573
19.110457643074966 600 21.77947164714953 0.49924236339247785 46.19680312156285 143.8865676281745 20 449.99343463256747
18.72727066836498 471.0717700901856 11.382486804077208 0.325854559491343 81.16771322468323 90.67158271287232 20 449.25175637863555
19.00991427441658 508.27503171412854 18.51100641109789 0.42686802431627296 36.36955289231952 90.67158271287232 20 448.7696648101121
14.265293838059602 528.2207581279579 15.32299393812105 0.4614297405500814 40.095290161471404 137.5476787937243 20 448.46160490965116
24.212176365184927 478.05890458774223 10.518761221148406 0.446205062514021 47.37949486090366 84.57802344091665 20 445.60057182087445
25.91887882948495 489.9889306774089 33.08149215327791 0.5307739110781383 59.11541185845181 141.41967286017254 20 400.01531610539985
30 473.8468782419417 10.671099001454124 0.5395709100584283 38.34504902623248 103.86492475252449 20 387.7212448031689
14.813173268017675 404.0788100477415 13.615737510955695 0.48270118780871163 61.49556821565272 131.5381181121338 20 385.1477752618923
20.694584393242252 581.1921896686079 11.787874554802958 0.4974352906563741 85.78833109582398 78.7822145693905 20 383.18622925539074
18.66172921768458 402.0463421909587 17.678194488271163 0.4916307537789357 93.83217210849234 148.63055304515967 20 323.12742371299294
19.110457643074966 591.7014525246939 21.77947164714953 0.6014788743210935 46.19680312156285 43.429522800627396 20 319.6511386145129
21.934048448672616 551.033417469916 10 0.5489597365284395 37.91435957901377 93.28131313405143 20 319.48755744855794
23.211721731880804 459.113941850206 18.03678038293799 0.543237095219725 36.36955289231952 141.67952991314496 20 319.3702702903952
18.66172921768458 600 12.3148963509136 0.4916307537789357 100 150 20 318.61975710145606
16.518824990208 527.44024189429 31.913097812946503 0.5275316103101376 36.5391775160718 141.41967286017254 20 318.52380234888
20.368577093806426 387.2317950610857 18.48236607690857 0.5730351605287689 86.48784802327529 96.78992355417338 20 318.26842118866466
25.320090994894066 600 15.161439964622714 0.4831247784690489 44.94756753113103 149.14880705052573 20 318.00405523566803
15.081977475685722 468.7249233690827 10 0.4974352906563741 72.58656932129098 140.21502737073925 20 317.54431832181695
19.49076104098783 519.577364455972 10.549293924174432 0.5168639903651765 41.889669883573205 146.82999732211348 20 317.518873619766
8.083014109029756 516.2305397618144 17.345716962580674 0.4614297405500814 87.53186023530688 135.90054457092836 20 316.8182882430689
17.540849375059366 560.040269166843 10 0.4306136207079764 77.84695731888664 132.4384274539711 20 316.56421309709333
21.147589101703133 484.1182149152923 10.250076491802398 0.5046650001040273 41.768343664052985 134.4543585976647 20 316.5298932305031
18.669891631648813 578.0877575263005 11.814092205048581 0.4614297405500814 100 150 20 315.8972182521154
16.966890007804302 361.05143153488706 11.577057017234157 0.5044721759858244 76.06324745828643 112.45308263883585 20 315.61328391992697
9.370131233122446 530.55440120776 14.063576911221908 0.5108793876478411 96.7713493357992 144.15340003461807 20 314.9238658812287
17.35446196099469 521.8506342857459 17.42395446810594 0.5268669242997335 82.35462665920124 75.14918869920818 20 306.97566557817265
15.296280005256056 571.843936982863 21.77947164714953 0.43463148134594226 29.834026510535708 150 20 306.8811695867367
16.22931094442696 524.8414405154119 18.031504174045285 0.5087524162884152 41.53132127931444 133.03571845359616 20 305.105968296008
19.59212387967042 578.0982992414229 10.811238016638539 0.6806906283043556 51.24589308662669 114.49238595112493 20 297.7845067896664
19.59212387967042 441.377075862888 10.602005526446314 0.615857894230868 39.72948744519391 138.80883910476405 20 285.9111047049363
9.913162440817514 465.96659795360307 14.228328962681314 0.5044023029378459 88.58583240347359 120.54436753857343 20 279.62038638448047
18.66172921768458 496.8460912515978 15.611620356287318 0.46439282927136516 89.71280794815495 150 20 278.32001172366444
23.630264299177373 533.961087970702 15.985628133943049 0.5221390217421682 70.53202086024174 146.4778966664324 20 272.56174867051436
17.502351977566782 509.95554230052284 12.3148963509136 0.6926346293222011 100 101.53942863224314 20 233.72442517497103
14.922577805106243 393.54067424827093 16.521823012761672 0.6014788743210935 41.739260916074045 140.71097252192678 20 233.53847105795845
15.296280005256056 569.3574891987689 10.0850827747051 0.5392252792040919 28.661675647685275 147.30119294695092 20 231.92834566890022
9.913162440817514 508.70689047015577 16.600741107883344 0.47537972031245984 50.41867968675027 127.01078002738592 20 227.32773977098373
25.276156290485883 595.0280158616298 10.169637953780118 0.48158289899907203 59.11541185845181 121.31285793561895 20 227.24963444607056
11.088683353207504 592.901427152328 17.672963869466813 0.45334954334417404 80.68046445096822 150 20 226.67551763306005
21.978393527051608 508.2854176906448 12.436703548328026 0.5705139625455217 41.768343664052985 130.83757723074908 20 188.94234155785722
18.692477587086664 577.5931188088298 10.671099001454124 0.5489597365284395 83.01981435622137 147.30119294695092 20 182.59674116550778
19.47967851342013 491.6215308039664 21.77947164714953 0.49924236339247785 81.16771322468323 140.78012742205308 20 167.8887172118437
17.502351977566782 509.95554230052284 19.28918827149845 0.5393060765339268 40.43339790976224 100.03880317230328 20 165.38189462407826
14.265293838059602 397.1360044828961 15.32299393812105 0.6056508382245477 40.82668193070635 150 20 162.73952954747216
24.767025286989394 585.479151955076 11.18738992725744 0.48552776324342073 81.55533963685973 133.76368868521126 20 159.43579773040034
26.01337774526989 441.377075862888 10.559092130978078 0.6109239801240317 42.10055152145855 135.55373434871822 20 158.79488354333904
13.021828716619446 521.8506342857459 12.229394704300779 0.4453203733459984 97.93523306654897 141.67952991314496 20 156.75108039696534
20.907426898689867 439.865391159753 15.487356169198453 0.5418633232122495 41.768343664052985 149.7704444109498 20 151.905812385489
14.69548294709376 568.6942091181791 12.184502189259511 0.5316549933712337 100 118.6314323609271 20 139.89943315248516
