Scene 900 600
SensorDrivenRobot 828.1569626070942 259.86691117466796
SensorDrivenRobot 722.1342358530651 52.75467329450967
SensorDrivenRobot 245.21710042487302 455.0346015005859
SensorDrivenRobot 517.715870616875 499.3414384683761
SensorDrivenRobot 495.0447990761973 131.0087372059804
SensorDrivenRobot 175.15606109216208 467.2155614327043
SensorDrivenRobot 883.0 166.0
SensorDrivenRobot 706.3706418972711 253.60717997047232
SensorDrivenRobot 439.61320537714715 266.6871941926856
SensorDrivenRobot 838.2865095291291 220.49824560296892
Box 179 541 60
Box 47 367 38
Box 490 28 44
Box 849 23 23
Box 102 106 33
Box 263 539 50
Box 871 167 21
Box 728 159 28
Box 77 208 56
Box 540 97 40
Wall 0 199 426 156
Wall 574 31 737 503
